          -1          -1          -1           1           1           1
           0           0           0           0           0           0
X
          -1          -1          -1           1           1           1
           0           0           0           0           0           0
X
          -1          -1          -1           1           1           1
           0           0           0           0           0           0
X
           0           0           0           0           0           0
           0           0           0           0           0           0
X
           0           0           0           0           0           0
           0           0           0           0           0           0
X
           0           0           0           0           0           0
           0           0           0           0           0           0
X
           0           0           0           0           0           0
           0           0           0           0           0           0
X
           0           0           0           0           0           0
           0           0           0           0           0           0
X
           0           0           0           0           0           0
           0           0           0           0           0           0
X
